47075
32417
8351
56202
72527
16063
25508
5724
57479
31850
58052
55992
10346
81615
97778
13140
87774
43785
50751
66673
98085
63497
68565
61463
79330
99373
22328
93415
89073
49419
54196
6124
77350
28592
30892
69152
945
79987
77459
32781
10081
60824
27244
3905
71984
35651
56003
77761
12239
9552
53387
81345
32771
60574
60774
41382
22395
65425
46975
17584
81840
81103
41966
12229
34807
1623
26027
12669
58716
56644
15725
26277
60647
45816
34079
86318
33832
744
79529
84014
87740
21200
97003
67345
5295
44839
22549
58402
84140
73477
1951
60315
61571
57076
13977
3640
26488
44629
6416
2643
65348
23519
90040
65167
76912
45018
13315
17274
83528
18414
91734
10381
41018
16568
94262
85640
87925
8444
5987
44806
98315
10184
64788
90638
52471
19446
58276
26760
97855
16187
11809
16405
55454
93167
40028
3568
69530
47351
40131
93944
26958
38790
32041
41412
86950
78037
92126
64927
10619
85296
5227
49183
15241
35502
81723
48206
76404
73488
53480
92463
67410
6150
64258
10503
83004
90156
77545
3456
77956
55879
74362
78310
21212
67387
33248
68112
36660
58243
21116
69941
60795
23236
94694
64718
42946
57147
59484
43058
93686
1852
6079
1320
15794
16785
53106
88825
41530
63189
64881
2825
29128
4779
42154
63074
13871
64007
45003
93560
16483
66998
85218
93379
48427
95088
84966
2371
26860
53752
20766
33804
94946
24980
30578
99607
72437
65983
46310
77800
63520
69491
2270
63972
99306
31855
56974
51197
79354
6535
7688
31776
34870
50720
40022
79990
53125
81791
47585
40457
77136
17869
25735
1948
64804
97854
92928
94871
56449
85602
60220
8505
54625
67317
38169
44147
36792
20233
9984
70990
17184
11068
23619
5984
78164
98146
51787
65509
92710
59833
29591
84331
78804
82337
38679
3561
93716
77426
27007
78781
49529
75283
12207
71368
53515
808
31599
43277
10577
17747
64746
47193
90339
99593
46312
3218
75514
88408
6034
80258
2145
79362
88692
59891
71642
56545
98624
69802
90259
96949
39837
85217
23811
55092
89228
61595
70642
15239
784
62754
87567
589
16936
62568
2993
7164
45075
41469
20900
74399
51492
70842
76697
38093
51598
72522
68927
4898
3383
72210
31859
72957
19534
99691
55482
14372
60597
45006
79449
61098
81103
60066
27328
93339
70127
95115
7595
8257
84183
22172
59867
52029
60586
41170
33816
63918
73753
65592
69363
87742
36974
7324
70758
16473
32715
53133
74939
28136
67494
46343
34332
15459
37027
68820
50250
30451
71224
5723
59053
86293
55205
37410
15799
48244
95765
19886
22389
66351
49352
73940
52451
84011
80319
36742
87647
80719
46734
96116
17854
49686
67264
70073
20214
49987
17534
8145
68596
90254
29481
57269
69198
79788
89053
77327
97591
37702
61391
23706
92149
64842
12899
61754
52562
53559
58639
21567
47024
29770
9736
52974
54115
12420
62254
16512
38522
877
13962
89211
71760
52294
25434
61658
27094
77312
67548
95936
7866
12190
48969
96944
25179
2703
97420
41489
97506
44456
5558
56495
89819
41622
85236
38868
19507
96825
90174
12901
62937
83970
3098
75052
67218
96341
14591
76541
78303
82333
99133
45181
41788
43262
32378
29495
551
20673
78005
2139
74043
4594
49110
95686
64875
51241
59344
4792
89759
62381
70741
4956
6177
94109
8182
38765
9277
14842
69103
40336
8454
94305
69185
13235
17832
72376
36385
10693
68824
63419
26626
27713
22044
99849
13730
62097
79868
64950
10765
96958
42588
94642
58685
72758
52818
51086
9094
52128
17423
18366
97850
96870
8145
85125
34747
18717
45073
29220
46033
79560
78660
75193
93748
32852
14423
59834
46322
35342
43363
99228
94529
38067
29244
22793
22019
33563
64612
1438
68960
15447
28483
20608
28217
98991
60053
85001
78480
28156
99332
29463
92762
96058
61323
24361
32351
88510
52057
2093
65063
3039
65163
44784
27530
64427
59403
60717
68105
60125
96708
10012
89321
86757
47554
30990
1381
43379
98846
3147
36587
75575
74830
8969
73850
53370
31425
42155
51069
32822
76812
97252
44273
10881
13604
91911
27355
79598
10118
35630
68299
46480
89753
47897
43203
40548
7041
59516
685
12795
42247
44903
89275
75635
44390
78446
43129
87874
51778
86696
3739
51520
41440
99423
91845
75865
7535
84585
74132
99449
54368
3267
18361
92837
48400
41088
30129
7135
61524
20363
83083
18387
88052
12579
66581
34161
31495
19933
8466
7462
75616
27229
53608
31512
51845
76003
11943
92908
66862
91033
69337
95859
96524
75291
71460
55673
1782
4674
54409
1504
34159
43994
43595
12964
87537
64713
15469
69306
79383
71945
37203
15434
92869
69009
81407
97851
80602
2241
67029
86675
44022
23610
6467
55839
14095
97912
33078
15033
81696
38904
71894
49414
56656
26341
3152
52457
38356
6644
64111
95072
49485
18619
15368
26266
85812
86388
88353
26564
70424
57555
19113
8916
56275
60094
95448
63555
19226
58742
50887
68350
18431
48892
49193
24437
70096
79114
98812
34086
49759
40924
17379
6688
42545
15662
55194
16948
63078
59768
74844
94073
37129
11189
21846
15263
47525
80033
64462
76581
54433
94071
75133
9151
26194
10088
79635
48901
11056
27552
92800
96189
98902
43998
84940
38281
25533
9325
97212
66075
92462
95533
298
29743
37193
70259
53535
98674
96707
46566
79217
21545
84110
69527
38633
24576
10905
79260
62555
43961
87587
18220
72554
55703
19776
83486
87762
42096
47094
25262
57786
59784
77695
46963
5258
57917
41532
34714
16174
98491
30278
90333
52847
45093
72564
21185
99815
5013
3169
87769
41854
33506
16645
36842
91871
60056
68699
12035
96298
52319
38280
62758
19446
12287
31621
53147
16939
94071
78196
65708
41635
38218
83243
35493
21098
66075
39144
2233
36575
34805
35904
43379
44733
10144
14396
31103
24517
48412
42347
44770
21799
41011
95940
89908
46727
53496
42673
58223
26676
805
4578
14021
95419
30566
47783
90434
21235
98975
56003
3764
47005
73696
59951
56298
57997
36645
37217
55054
63899
61683
27351
28423
77214
23107
77302
50898
89219
33410
40303
16328
88895
30812
37142
1369
56060
77298
79596
66808
48118
42353
68273
38287
65784
55428
5592
38182
3510
18624
98366
39006
8441
91514
98439
88999
65109
99132
76446
8332
94482
62813
31415
13627
57015
81177
37615
47843
60997
48259
65988
21897
90385
59589
73137
49353
62394
15045
5105
3261
68249
46194
60801
89783
77244
99691
71753
26940
42065
18831
97659
47097
99590
39173
7925
99925
35030
64191
19015
26128
51777
32893
20661
32761
22774
96417
66639
81310
54862
50127
50855
14370
41981
8974
25164
34963
30021
45781
37944
66678
49699
21252
68400
33137
67360
85152
79248
14303
51239
47926
67734
96642
47314
80445
14507
37647
40906
63212
74206
51459
55128
7790
34913
58522
59124
27984
3691
63900
9351
17440
48332
60078
18170
36280
7037
37497
49611
94067
59175
30558
32616
1601
92155
83300
73016
9639
97898
57853
13355
52185
44167
57224
70327
7437
32117
76137
56121
12127
78984
1705
13378
98199
23329
92903
69388
30765
48115
2719
73820
42403
27602
28798
56053
90606
48593
22575
31759
43263
47868
66456
2511
48654
16004
28140
66972
78674
18963
85573
19839
4401
94566
86900
56625
57371
57347
224
70165
26479
42940
35775
30730
80132
35277
19037
41193
30915
51679
13393
93007
62100
60765
35340
18222
39302
56934
46654
85484
36068
77430
87885
7186
48281
38931
34534
45433
22781
92595
39956
30925
38031
23335
68284
52652
74287
41677
19512
93472
41188
11755
53736
42936
27757
20262
84386
23067
70552
1719
60409
68285
81580
39045
74914
89187
3402
91940
82168
81396
693
71801
48542
60921
4799
84724
15547
37955
74703
57064
88885
87124
49143
73933
8678
64098
59722
73490
26883
58394
84334
69364
44304
33089
91182
36308
87570
53439
83812
80561
76839
26446
15548
47047
6245
43322
1760
50262
42396
14551
88665
15684
47944
35026
85090
32404
11888
28424
97844
93225
13935
83213
74184
38904
70329
49890
45864
74585
44751
16279
5018
49695
50920
11538
78821
58991
57392
81102
58453
26737
88043
42840
47716
9598
91518
25112
67481
94033
75700
5039
57240
10786
71343
39478
673
68144
67986
48980
79090
92818
62715
5664
36899
52077
80193
50043
38310
57871
21065
35430
79321
63045
36393
67606
35038
70284
39873
86969
1280
32259
35735
69197
88721
53006
56788
90890
40664
60510
73465
70042
60069
86821
82866
86940
9171
1044
42061
33499
78683
35489
29047
47642
47388
59828
47749
48486
33447
8439
79089
79761
54650
16883
93596
47245
968
64456
96806
94240
75060
77339
47482
50579
43523
87613
57714
48369
36373
2874
17437
2809
88977
13512
6389
28575
37800
55032
46210
59954
1103
45475
27031
7179
42517
84787
32379
84663
27666
43307
97925
68369
24137
58897
62192
61431
29426
79359
12892
70219
68630
71018
39968
36278
50469
5262
13908
20921
22557
14736
54316
30356
16665
70769
83082
83097
97591
5628
7964
18963
4146
58270
7812
84551
63412
90405
28908
13986
3802
78135
18435
49766
27617
86761
30821
22782
88149
49467
74669
21763
83534
77602
81431
94171
56037
22611
30486
44087
8013
88473
3217
94268
41480
38182
26327
14469
3328
9345
5662
14874
62095
59976
72223
47120
34703
72854
39402
14347
83145
33191
69203
54024
39997
15028
58160
74853
61192
63352
40576
1916
26435
89520
23559
89056
68069
48568
39040
89542
77289
45665
34036
7042
18707
23063
54745
95548
23493
26509
77573
25424
2069
91027
62758
30719
1054
13769
78591
66249
41336
33385
58143
38945
55356
29573
60726
45067
41646
44980
62642
41273
4740
14766
22869
57113
59980
29780
46828
62700
61683
37185
3177
59484
14537
71323
9150
77600
68593
23729
10688
79300
76893
93369
13389
42909
91977
22756
89988
21087
97345
27009
4710
38756
79767
15439
81096
10344
62748
80292
35506
57420
29177
54490
12805
73420
82664
65239
97266
67042
3665
31976
26969
47688
87398
12052
28730
75968
62673
78050
25086
52633
88995
84824
32931
54514
93398
55443
82562
5630
78456
89891
68059
47726
30041
76182
74072
78302
24756
49937
56966
39409
29769
87667
95229
91728
684
22030
3785
39534
31541
37591
48387
71011
21740
43269
19788
17595
40267
4394
27372
76091
618
90028
81961
93733
66700
56553
95270
6467
29036
80735
32911
16199
37299
45386
56470
55349
57199
26338
42227
23121
36546
2750
59394
68886
70184
67072
16266
22888
30227
67103
35596
22113
37584
98947
57170
7956
58403
69006
50590
32514
71258
34024
12131
64970
48059
1534
96191
29575
14736
24579
95489
44721
93382
9058
42850
6996
520
19976
74521
59709
14737
28168
57418
93807
24351
77313
46323
15069
52016
62788
20243
95257
64474
66104
17391
52527
93602
18326
80748
56024
64973
99227
29037
63199
86705
90849
382
6673
58521
92290
28080
69558
38635
92594
28101
88533
13751
57710
12847
94063
96923
36876
64411
14389
52855
66549
58084
97029
36014
81275
8181
21448
64700
51863
51214
50133
22376
32383
39240
80358
99896
80936
40604
28110
22929
44009
82029
17784
47008
16985
33199
6570
33441
3986
93332
7333
9577
30462
32837
61355
27501
30883
85619
78147
7773
10321
73401
99434
56433
51928
62576
65605
51853
72151
13230
24763
81528
7585
85866
84715
51067
98662
59370
20468
41598
94101
83328
26675
949
89447
7130
26165
55431
70105
40155
50128
22489
13935
25032
44536
32870
28540
47926
10286
46333
50832
83086
38474
27831
26582
61595
99368
94307
51997
21181
17649
42019
19519
69266
10609
86688
96070
324
60320
51742
97262
75126
12672
27011
66111
48611
94753
43964
70530
76463
3371
84617
39160
98179
73364
70798
78740
12484
26776
73322
26632
42375
46369
25785
55374
79116
77013
99991
38444
46613
329
12018
94863
33043
42468
8200
45633
65690
63346
49551
6798
84250
38340
28419
189
74096
56470
58633
14848
50732
47300
29477
1546
16546
81471
23099
24167
17009
10362
42888
16080
71126
7639
48078
71990
9585
45165
86462
73386
36437
24432
42857
48090
98179
23707
22020
27492
60023
68291
40921
9859
2501
81117
36538
60587
21054
86458
91417
90195
5740
63443
53492
16327
20793
43834
71122
6157
80945
36391
12059
46279
60262
91700
6985
16194
79694
58410
44618
224
74760
50947
35480
78232
25116
41311
89626
27746
14460
93178
55644
39586
32480
97523
20325
80538
69178
60832
16191
86538
54581
50774
85783
85261
41152
45311
26414
3795
89811
61749
78408
37440
58578
44735
10404
95045
24324
93898
8784
50096
79145
86771
78771
74744
64569
22579
84308
85508
8165
79262
74103
17434
24178
15751
44849
32758
81585
54468
49080
57498
4836
47803
39735
7972
13663
6118
18685
76945
26348
9508
54189
90894
92928
50513
68301
37276
58609
59073
71841
79717
82163
25934
25999
38121
49826
48089
83729
99836
27176
47102
91858
96164
63198
84776
88348
27512
32957
37596
25183
24773
33177
71498
6940
67003
72183
56000
33558
60408
86937
10428
53684
85928
44770
23752
3546
47635
97443
8659
30291
96878
53106
50308
42117
22160
35478
84835
28789
65708
53061
93260
90854
57445
27601
64783
19655
473
80624
70936
61271
50511
80121
2046
29515
71110
87086
3381
8524
98155
76774
95182
13690
80061
32187
19216
13653
37974
25813
43230
35969
37257
27034
78474
34994
45150
99797
47153
79041
31198
46490
66318
93276
705
70694
52310
54271
58982
76057
27251
6373
11340
29685
5484
94523
72640
29400
62195
67475
70040
22899
39072
51258
51472
45983
74724
37472
58053
61316
5543
2134
92917
37329
44481
14082
89092
38515
37299
17342
84041
7694
44101
22976
86865
88234
44783
48160
64767
30761
84646
12646
68623
89894
63584
13912
48592
24993
79058
81504
95456
62198
95469
20421
18762
48196
31823
8178
47367
83170
3724
68595
57462
78792
26707
73680
83342
88978
54163
60328
18572
49899
96240
81233
61864
50019
28228
54380
55552
3673
85785
43149
24932
8700
17798
69362
56994
7137
73450
64466
59133
54527
64237
8290
72957
14782
89150
82861
43974
71474
25649
74859
92261
69707
22744
6759
29454
72871
5307
64520
91584
20982
60026
30419
20271
47406
92149
69872
71612
70347
41651
6960
28539
77908
19875
22628
38713
29463
66782
45527
94589
67935
10320
7144
66460
77895
26115
88397
93722
33088
52378
95128
88989
86689
39264
66161
35743
21971
78480
62612
8726
88023
66941
868
71079
61882
64912
55156
39090
83051
67860
88624
30390
16424
51723
51701
93143
42042
56709
67409
67588
99717
26451
7180
28833
874
67469
35298
21933
82979
34583
7433
42876
72395
92601
4980
38306
82594
33066
21851
94540
46263
76120
54207
41639
13071
10162
42437
6640
24927
84299
31914
76009
64374
36908
32298
97873
21422
41996
5060
7760
62417
55832
77224
18363
26211
90238
3746
72719
79446
44393
18223
71820
27323
38563
88258
90131
25713
91645
1864
99113
25527
16629
31221
99404
64170
30513
42434
79289
61194
23762
18567
48823
39726
48251
68481
59125
49312
34778
89701
1617
448
4456
78625
60954
49220
99418
17343
22610
24443
32423
50631
11083
73319
92904
24810
6964
9656
52866
90403
68933
80528
17047
34757
68158
72902
21950
44937
1065
34654
10984
68904
92334
89375
13962
90462
3669
35667
25648
80939
7170
49255
70037
93489
69907
20705
51826
16035
7954
72446
45180
13740
43426
32815
26080
67031
64218
50543
2999
19627
22590
89758
52274
14711
40747
61155
66970
40500
90914
21464
70967
76842
81747
67147
39841
12584
65743
80825
27048
10927
20921
77979
45386
46862
93889
55567
44492
43924
77889
8355
96228
97989
89004
14595
31225
93242
26219
29034
84653
9539
38114
79841
43024
10682
66737
3541
88203
91905
43995
27132
13757
77654
29860
82582
29537
56099
53253
93066
97409
71417
83971
40579
41506
73762
27035
28921
38357
58983
86667
2642
39905
78383
15859
65527
20700
92367
42687
57951
98672
25220
37275
41279
50784
19620
14293
36396
71722
74774
59298
23910
88708
47927
1139
14674
58415
94976
89666
86638
40462
36488
72518
36595
50410
97182
83427
35111
41719
20700
90675
86663
33311
5715
55547
71978
74822
66054
83519
59557
51810
8969
40495
68961
33080
18707
97673
42446
78917
25542
21340
50485
46204
59977
50093
37762
66523
23036
94145
59666
36729
62292
79779
90513
82966
90081
11320
58095
93345
34295
51480
73807
29090
6201
51798
11881
43386
35243
82021
14125
94335
98690
15934
88809
55161
71690
49110
22996
91569
8210
87162
12535
90118
53256
72008
55956
89141
81014
66558
15297
23706
17822
68782
51364
64632
10518
54481
34783
49834
32492
36138
39511
40535
74131
89661
33443
60396
51306
18174
4663
34091
39613
80329
22647
99828
50719
28922
88271
90233
87184
49218
40263
22335
74426
42895
2793
37629
7883
64095
55469
39615
53558
66577
39127
57723
6763
10301
30967
51838
82686
63271
90252
34734
43782
25323
53555
33381
48247
73698
41328
12079
29651
9738
92093
30289
81622
71007
568
50087
61064
65121
27721
17714
29104
82758
32881
67340
58103
23907
80707
67893
6742
62015
40923
71856
75123
42483
3804
8486
80239
10337
45421
59651
69359
7390
90317
6138
32746
97631
63813
77068
16630
35656
4256
46144
34749
89298
74024
42900
72715
81162
48907
42062
46226
89880
10967
55900
13756
26380
18323
63576
55118
50496
7735
19822
365
27266
40283
27105
24686
11079
27236
20032
59358
84869
76029
7012
76674
72595
97875
15516
26670
54205
26443
56838
63622
59424
26945
99341
45480
49769
46634
12283
42255
95021
54987
71214
26062
767
88228
80052
10930
91713
13725
94333
41033
34890
12278
70422
91702
41663
11469
82674
59141
87547
70790
1964
28020
51348
84963
47839
83278
15458
92098
7918
72825
2610
40528
69232
39956
7354
51667
81592
21348
92007
29413
8562
16149
89339
76103
63543
1729
7029
94165
12721
76849
74644
50362
15173
99829
11370
20172
8653
12211
18277
40187
45215
13356
20639
51618
58093
36902
49869
54988
52931
50523
51028
60724
41872
53473
3958
26864
37364
17165
6434
73757
29125
22818
48972
67708
806
24113
8539
61088
71636
316
15791
27009
88166
29205
53239
72009
39437
89255
48123
33797
97335
44324
45669
53058
93826
47810
54178
79849
21909
30897
80091
45706
42540
997
68253
54240
52595
43829
71784
55434
43325
31021
22626
65521
54862
38329
4304
13375
27009
15838
76141
65931
44430
87247
56864
74127
58279
91391
31317
99157
63780
44362
84786
78132
63280
76213
79948
78097
83945
89334
2804
7460
53125
97093
27920
37405
95415
82898
2801
54489
63779
92857
85002
87603
62534
83130
54600
77129
61282
42949
11230
71940
95596
91966
82076
64870
53241
88994
43151
36885
91563
43200
92130
17141
35769
23205
58788
92065
10684
44076
70617
19991
28234
6811
58279
33293
46711
53696
74219
29962
16472
64075
96913
2757
22093
1612
15382
18487
56343
43487
6984
25117
95362
74087
19572
24809
72855
67170
45164
72610
82429
36087
51860
65809
65717
65774
11851
32939
11763
17956
67642
87283
25193
22021
49013
63837
59053
7919
63424
15602
10974
73441
46348
36703
82616
23261
56973
62757
11990
29752
12014
87881
99033
47065
73650
57491
6781
32610
76812
84536
4031
17339
52598
94265
11169
38749
56897
80037
83928
98482
45021
88152
71060
33318
96187
70711
59497
56776
83134
36849
4158
70681
7056
80029
47007
53441
15757
26325
51609
38463
33695
61800
43152
97675
78369
84724
42415
31076
64450
61816
83803
24087
98903
70632
30723
82966
62503
30151
64592
52128
95823
26460
2808
75972
33357
66239
80748
42321
59747
97614
10873
56783
56798
84591
54541
95731
20011
73880
20834
99134
98056
99173
19617
74567
25695
59525
40923
67589
23723
56759
48904
64536
60879
78729
1643
22572
99857
5172
81352
33983
65943
82556
55339
27833
57237
14960
24518
43794
40611
82768
64751
88959
12223
33380
29594
96188
65292
75056
49237
73805
68447
42642
51479
24914
16935
27271
31552
39302
97223
79625
71670
98107
82325
92366
7072
36580
53063
22658
45761
52328
7449
84589
6540
9234
35770
8791
85680
82137
34526
33695
25601
21626
84548
9359
24538
62487
31848
77813
83062
90953
17056
14821
23471
634
65316
63743
33869
66828
82085
38995
68578
9994
53762
37496
45753
16229
38160
79113
91610
23465
47963
12916
60999
84329
47963
12350
63520
15236
69940
54128
31229
85901
97566
65244
97943
25131
14522
94770
5057
61609
42382
3604
52736
1010
27883
77782
64269
93548
34245
15621
38706
18643
4429
12913
20096
29200
42060
89293
91991
7016
13627
61580
94007
34112
61519
44243
48631
83084
78032
3509
46469
59411
84536
33462
70708
1027
12155
82714
42903
75727
88160
25701
77540
39625
94288
95791
68489
46733
975
48476
20229
47481
28579
90913
2194
5580
38651
55535
80843
13682
5361
23915
81123
15181
73481
55060
49893
33766
90351
55498
98739
91282
923
73339
21277
16142
25504
26329
37117
97700
11671
27666
7356
48810
9939
60361
66433
11774
25479
47072
57865
33698
69
27934
31688
9473
14449
82845
9223
47924
58700
88079
86382
21613
71534
41753
63952
42873
14428
28779
3150
65571
13284
656
55895
16600
23333
11164
76793
13222
75468
56351
65077
87921
8609
52299
68948
42524
62931
53938
62962
96858
68990
12617
46074
60987
57795
44034
16036
81693
12687
73890
45467
35865
50417
6962
62437
48614
80354
60601
20024
88294
72906
36104
55928
36651
60184
44288
94359
15602
3700
58506
50845
27456
44238
97328
41229
97669
35869
31306
88808
5749
501
89178
61756
56933
43125
12176
82805
65882
85048
7627
70316
25536
47854
63971
92687
27072
94119
34977
52096
49671
62071
22362
33659
52155
90745
15233
73930
56613
37569
62619
98086
49436
30336
85729
61391
4747
74073
77700
42389
10472
21266
86898
28316
96308
7709
8877
12428
64328
33187
16407
93259
99123
8641
6985
69669
99501
82630
19204
67799
59126
74234
46834
64549
81564
16421
92211
28846
3071
44524
11537
93934
46044
64588
94738
34607
74804
76856
17731
59337
2093
94221
19604
80025
20241
5003
84560
31572
13167
30414
35843
80016
86759
29794
37400
13234
49308
78837
57477
23389
72538
91063
59880
27631
48139
34303
74286
33714
25988
23470
74927
64570
1283
24351
71455
32565
13112
66404
98750
56847
79722
31566
81631
9195
73676
99391
94025
24559
79333
73891
47659
87274
55526
63281
60252
34679
93546
20795
57332
64177
4786
83539
9755
41089
32235
59989
9424
86476
12271
99225
14513
72441
27418
1289
17132
46875
84943
8783
63020
59591
34356
90377
59000
33094
42983
53614
92546
87209
56855
4940
34003
9971
47009
57203
4479
21163
43103
84701
59173
77407
67411
7333
98054
36538
17569
48020
46953
32815
23124
23538
78272
54336
95176
84396
30688
91840
9812
98792
47281
59134
68666
94138
64850
97905
27222
58555
60379
3390
7523
19619
45723
13447
99469
28976
2705
62024
51412
62381
83088
21345
90766
22372
87890
88363
86201
46896
6159
99875
9937
95882
67334
68469
10237
60134
70376
51579
28575
93626
97303
13296
9322
87567
94732
1101
47844
19075
64678
80458
92706
4448
47611
19910
72966
78976
91649
3284
65348
64662
32849
12379
55216
94845
25491
1940
85654
8030
65593
60767
43803
89399
96473
17956
27915
22669
14436
60266
51840
98406
82000
22803
63504
51712
76473
24575
78556
63773
41996
5024
89758
6093
75444
36435
48342
89294
25023
87855
83738
99174
27749
54493
56031
2155
43576
43305
19962
56989
54997
19092
41664
95350
59665
23243
46901
43523
7794
27249
96695
44770
73274
37324
6021
87937
26323
26219
51400
4279
46263
98287
38799
22969
1306
26338
47158
33733
69094
43428
35910
65823
69636
79513
53729
17173
65011
78437
19281
9068
52532
32601
5045
24927
54767
13256
94374
55798
57383
35678
77602
79296
41644
87393
9207
16027
19562
46585
54614
92622
52929
64690
64909
1165
58841
74309
15680
15338
47480
16901
79039
25488
14472
92173
15348
75806
31384
69028
6141
84970
61624
55476
6968
53830
12094
61697
21667
65897
6791
91976
69335
95070
74211
98935
31140
45070
96115
50809
17117
51213
85760
69611
88523
92209
10300
88113
40272
71442
47186
92636
97316
37816
94436
56250
64257
42090
32429
61542
36514
67839
11899
91821
67116
17555
44334
81794
8367
56320
46824
80148
44818
78439
24196
43591
37973
79266
31034
52050
10795
38112
5451
89417
26913
55486
29892
35929
20593
98392
94519
26650
5103
38984
51582
30365
62308
85585
58971
54696
60301
51187
31330
90681
41608
47590
56151
910
48943
44632
43352
96353
43722
33753
34631
82240
31947
21724
79809
72948
45932
52736
53243
9191
37019
85053
97449
45133
18246
75570
14741
48225
33056
95269
98533
86419
86353
45580
3867
92798
42941
32832
93912
14891
48314
73049
78322
20222
68772
94589
9283
97088
47921
69541
44125
71428
93740
38971
3848
41417
22600
82109
52363
9535
19275
42351
15051
47962
24763
92323
76992
25219
62028
76790
96125
18547
15097
58810
35863
53461
10928
14848
62579
56439
24785
85405
85951
43669
35761
54441
49225
41731
5201
64630
78655
90002
49071
20516
92169
69873
60879
47948
17585
82746
34591
57062
82272
1170
88543
74434
4604
989
39754
57991
83315
10674
43027
35215
79928
55358
23930
6562
48928
71392
11365
10111
55638
51352
39813
93874
15098
36643
12202
92097
84083
96116
27954
60788
77168
84119
48049
15869
43337
50826
98032
20615
55134
32059
54656
40060
6633
92144
83966
13015
79722
3341
82441
41612
98500
53556
33438
29463
70376
19202
87980
81737
48820
46849
5232
10165
49400
16751
72191
2308
12074
1434
46660
69564
74786
85070
48249
31365
12014
8244
56404
12729
18834
93876
91308
55422
5304
34309
77259
95376
9993
91259
96643
20135
63016
90446
53462
63848
50844
74271
37627
93713
34203
75265
48041
68026
94670
30617
86717
76928
18286
16526
38224
60110
53122
49145
98106
43186
79247
11104
79359
54509
28795
38751
59680
22376
7436
85913
39963
49019
15753
87819
64439
9512
96909
86621
28027
63840
58543
36085
19891
18955
29317
51587
63019
36928
97229
83494
27887
10291
51829
95597
26204
95725
41973
80450
78053
38661
63019
5872
80677
16852
99813
96304
92869
54759
4191
68580
55327
46345
27701
94388
20007
70491
42620
24547
25391
86618
32230
58075
16557
88481
13588
41590
26155
44821
4991
73590
73320
37516
41226
77507
68697
64449
12690
77398
66700
76637
38682
24329
36238
67268
68414
38847
97356
44068
60212
98369
7238
780
96531
62020
56195
62306
10153
66666
29776
85247
2268
38234
96287
33383
24744
43690
91162
61881
9749
24548
65848
61380
20658
16486
47694
97416
30570
43373
96226
61811
94145
86984
66806
36075
62843
83411
42780
10067
89363
89597
9832
90882
51356
42791
39257
98059
14004
49809
78528
24019
57430
82602
77920
89825
62242
29580
15218
89955
72249
34309
40398
27471
79284
33949
1839
15806
24302
46031
65606
67694
52970
28725
57367
81387
65106
54979
13582
55682
50297
90205
99788
18037
64017
84223
31047
66530
12487
57109
54979
61275
9904
1537
37795
48872
1267
32440
2613
17313
2217
52513
81861
62389
72970
96558
41890
18427
90863
58919
66901
63637
54779
72836
61529
80931
37923
51970
96403
14030
45981
2606
18254
57215
82531
84587
49104
74663
16643
81241
16245
3945
48956
77982
8594
83842
72737
68985
61827
43867
512
56060
65614
39014
51255
25265
38738
55471
67542
43992
76044
60285
50609
11219
10260
57782
53257
10328
54768
86406
2009
1821
61160
4220
52288
15035
83335
6603
67825
36116
27475
62274
9835
67802
90804
36004
5142
1059
10175
39573
59068
1578
71717
12663
46666
87782
69609
51711
98234
79138
93256
73531
80156
2196
926
80920
6760
7260
24579
75377
76064
95811
83402
7330
96501
97360
54860
38390
27216
36736
32171
33834
2071
65696
56219
52530
44118
21900
21642
79654
21532
57648
64317
77544
43793
94970
55054
57057
79094
99469
50219
73572
54466
75198
66287
99915
26423
43288
4776
24896
29487
81275
67098
12314
54656
14256
84118
53408
61714
71910
74368
38319
16995
74906
80603
16970
55525
19997
73923
61229
49776
28048
92425
50874
76609
95614
12037
33103
66180
39679
86951
91165
26820
16177
77566
74388
44312
8529
75896
3220
16104
60134
39640
56434
98521
34292
88870
94555
85027
6700
62706
2900
27865
28658
45613
89088
58568
70306
83060
42363
29971
74464
552
63608
29316
34877
55900
47299
10502
65902
17734
86445
89279
27564
22417
56975
71847
60138
97482
13430
76486
56141
77879
70170
61599
91938
33126
64132
15520
90006
38925
50490
55771
15440
41335
10751
28491
64089
36489
15210
32248
72029
41667
40072
76826
27490
83308
4196
13504
37681
39908
15156
40757
37079
87688
62327
96827
84176
89803
89903
73445
30405
36968
46305
49687
57122
96813
75297
9978
63473
10058
48343
67304
59061
60116
98492
11742
18760
30749
47106
99064
39349
38191
41971
78713
66095
36256
68508
30573
87997
47629
74078
64930
40455
20952
32509
54520
71742
18322
56911
10862
72663
20031
58005
19252
65173
73485
40344
85790
31898
81382
44476
2474
42580
17249
43902
5268
58980
37604
84364
3721
74751
72672
69343
81650
56577
8145
90577
32593
65055
1204
5182
59645
68932
38923
83826
52105
99457
11838
53891
84146
70917
30971
51509
52115
23828
21192
10448
53315
55454
28551
24597
51286
94851
97080
14091
75029
82444
53774
3072
56619
99173
43848
94803
73659
18403
59158
23639
47527
85466
50021
21880
56969
19580
19767
70914
62933
28771
72677
77398
86128
89843
46381
98043
20557
37910
77025
36467
70118
85562
75056
33641
36330
26155
99538
40576
60746
93767
97318
89780
61352
48501
26473
87870
11908
46771
77709
19730
36591
8603
28131
80429
32713
84166
90755
38028
49212
89877
65711
32115
3608
58392
27967
23799
91352
46278
86541
25938
45721
41123
96380
45482
35598
39824
33768
82328
50747
7812
82896
47153
43108
53379
80465
17473
85544
99767
9705
80827
48168
25559
35177
57948
63367
79018
41064
82248
87169
37044
9225
72242
26457
5626
49052
40739
89324
38079
97612
59582
10083
94097
6739
89552
85976
6376
88487
50380
64381
2058
99473
56936
68392
24159
94893
12924
72325
99995
12894
36051
31164
16514
7653
96216
42723
95295
19207
19150
10565
71206
49897
79039
65926
33213
10393
64302
67182
45708
96180
12865
79579
71402
56451
79295
65051
48826
56993
63929
80877
77540
63278
15553
93402
92164
39283
54673
60258
11538
88582
81536
37210
94098
38341
68438
35061
1411
73297
92727
23562
72381
2195
17687
90968
15006
38314
53941
5126
66700
62493
37038
53104
34363
7171
66218
51786
93471
38992
21569
38314
89494
12646
90322
51326
35787
43623
688
21342
46158
34093
95670
25463
90287
14457
53295
8745
96580
29440
45427
95521
62
86138
62047
77536
74340
38141
29013
22000
55819
9795
57476
92353
30728
75412
20087
29771
30522
9522
15171
11227
27428
12592
1090
70183
47955
25253
62985
75005
9143
63139
60906
473
30397
61802
49517
8925
98697
80428
4514
91296
66094
78535
55637
90975
29686
71035
69377
73651
45446
25454
50654
97863
27899
83625
76151
91972
60615
579
94806
84959
89911
55764
32675
23086
99533
31575
50737
24544
45025
26252
87797
69556
72477
28717
21960
38408
84362
57803
82827
4233
61090
42515
24187
43531
51472
50414
8728
3839
40460
27509
34644
44532
64853
73559
41209
2505
7527
46172
75859
45799
9758
74592
10937
16209
13586
67274
41899
64157
60139
6269
98905
66596
39114
487
92806
1008
82369
32233
71615
34394
16525
61230
63411
81037
88909
32532
43063
34127
69371
15861
18061
83170
45075
27042
44447
93829
26216
5578
3501
83314
55767
15348
70366
18270
41039
15856
53400
31657
79696
30119
79575
12067
202
79179
5318
78414
18416
71980
74352
93188
6780
68809
38923
7929
89309
33695
5405
67812
9317
77629
64903
56573
36511
90903
80901
82053
57596
14672
64331
33982
9841
48185
15087
62252
47473
54351
86423
83897
2191
7825
84659
26637
77440
92627
87540
72286
71127
78230
20368
36479
95446
87864
31117
28618
42402
18451
77708
72114
66218
23646
26517
80380
15803
99977
97762
38976
69281
52110
59978
92083
16843
18489
29715
48906
77941
16512
95674
23313
71972
13946
62996
0
69954
68312
71878
97691
16371
65079
90569
59591
3572
39950
57714
66875
50155
89678
36883
22266
92324
66038
56453
29142
23908
32110
13951
99812
33675
22933
40788
25615
97828
46298
452
64312
77903
27920
57894
5867
82250
84028
9640
27033
84011
87015
25884
30854
48837
779
39987
94867
18179
36475
62326
51311
78435
38503
47173
45651
53114
80831
47093
80438
58054
40277
24243
29962
84730
76776
72532
60588
13697
82829
45065
31767
16312
50787
73796
20971
47706
83637
5020
62843
88543
53945
24415
79566
10213
15648
50694
10529
90780
16308
13345
39597
80729
96257
43847
29021
44777
44163
2036
61487
75652
23782
45286
87689
86914
13372
66756
84734
49065
47374
63922
25998
6028
46706
60829
72401
77790
11588
20891
33348
98714
92221
59054
33184
10991
46083
68201
27559
9116
71534
50984
25841
56822
6201
89065
93606
77088
84641
59228
82802
73467
94936
25402
8096
39754
44962
70404
94383
88149
39482
33184
92848
96696
64505
68576
77345
52155
47863
11465
383
6317
6529
99130
77471
99660
88936
28584
80990
9302
12175
10814
47355
9221
26359
79884
40731
75780
50813
6663
48982
54706
80709
83743
64554
44562
15156
74250
23613
63584
51811
39898
92750
58950
11545
70969
46110
81560
91921
28998
21645
73956
3116
4234
89944
99115
17757
97360
18416
24248
47773
32947
86941
73
13612
27894
90069
79647
28746
6842
16769
62105
70600
13070
42660
17831
75469
86558
11466
14031
84690
52026
45893
11852
86009
84263
69573
20170
83941
59574
47711
69489
64919
45042
29944
989
24737
6509
20301
2612
90387
63627
9645
94395
51172
49476
5685
19764
52799
49212
99899
12593
34682
19696
66191
21995
14856
38757
22470
27896
13536
88533
93179
73298
28929
72147
44308
27361
87285
63536
22373
45027
99047
52823
28407
27164
55917
3318
38622
72387
67877
60518
18393
44586
15734
3114
32339
10670
76499
27498
45835
56609
47765
72985
32563
45833
96109
24417
85314
39248
76502
37965
12364
77833
7759
23269
65484
86900
67155
48875
93975
80892
61841
34805
11011
34746
91128
54878
65909
56260
98516
15505
17691
93824
30259
96475
65009
85872
43095
40388
65121
12671
33601
41319
81508
48356
7431
80360
13521
60927
90757
38978
56390
3634
68123
37470
68020
31007
37594
73875
66534
15086
63611
78230
11952
94948
49215
62677
17169
97481
73349
16903
44911
28270
93299
87137
65617
86316
65003
3457
41841
52326
21057
44009
23953
27980
48719
29698
39651
31214
33284
85636
68663
22990
92315
86622
13894
67274
54739
53035
48844
24002
85911
67377
42754
90748
48057
10632
70797
49747
21229
77478
94744
93868
46229
71383
14933
82578
12530
61567
84551
52211
39772
61271
36574
69919
42794
26527
30215
74807
69609
70838
4445
35155
95623
17051
53403
52113
68053
96039
85484
20955
578
30743
23123
88430
34583
1543
30775
73684
30657
10225
99107
56621
8402
43114
46874
96333
30745
30156
37472
76061
79655
97104
13936
38212
72085
6347
40276
19668
38946
64902
32847
39155
24924
51325
89643
50489
28119
28837
75512
81007
77630
31136
35030
46332
69478
91640
88690
77857
69880
40107
18854
88270
43169
62228
42822
85241
56190
89374
4113
31339
99742
30319
99111
87692
27386
41608
72428
76817
60858
74721
64916
28731
76691
74760
34631
95065
44373
68250
67940
54731
36122
63852
9950
40531
98166
38280
6941
93806
62032
16081
56977
52638
91042
32215
19421
26013
73712
6793
25931
993
44635
16296
67686
65294
14975
64230
16251
42862
30838
24818
63129
92130
63065
2791
97314
71117
64462
40338
52215
43675
17461
29146
19638
91875
10566
29153
86441
44519
180
14331
11033
10471
18126
21982
64322
87713
84474
97984
63528
67589
93183
42027
21940
65877
4551
51669
2218
2901
59503
52765
16843
82617
80391
21108
83537
31258
37602
33148
23751
40431
3266
27756
41596
13309
26209
5236
54935
97783
64177
72339
27735
4230
95382
90462
83228
64900
50364
9319
39042
98026
81737
84412
53737
59191
32971
97684
62600
43757
92272
61143
14050
62602
68555
97918
40941
53149
49941
79589
36492
54759
63531
36868
32633
67762
63582
3678
91431
30719
29748
3221
43251
61233
84085
96155
22310
92378
81195
59566
13281
66710
85730
40261
82139
74737
28159
77806
2665
53592
86056
86503
83194
25476
8053
23071
31449
83851
93719
99420
96232
79802
16741
85137
21753
48592
76428
12169
977
50456
30134
52232
7151
28715
97071
70493
21128
60531
66253
10347
57088
74634
69425
3308
12901
96605
6422
23844
5448
63725
14794
8743
18221
72599
85017
79183
25073
65643
76609
61308
30575
96175
91524
71134
74567
8126
56952
38200
33346
45895
43940
97679
96185
7761
54420
59
15813
59504
31527
69551
4932
73458
71576
21303
28926
9593
11657
72482
4019
21766
27588
8871
87188
17444
64372
25285
68606
73257
50265
18208
65634
76882
97359
93315
11026
46319
60682
93477
70620
19397
25140
2379
82329
87470
85880
973
70650
25074
59416
34416
38235
95947
32745
6745
69515
6453
19761
67485
71828
22886
36018
63583
44432
72427
75726
21791
89423
24863
78860
49708
12896
18353
90805
65617
84658
43368
88363
93834
80148
6118
90435
17880
34110
60072
19040
67058
30280
82144
93256
98149
91316
49751
42363
7359
24664
34319
91110
60935
60242
83445
97513
62211
41362
41494
27437
6835
64783
6319
4768
45913
89837
24989
67266
18836
83622
30763
13277
47908
41204
29183
13554
26077
98877
92705
55918
89092
9125
39998
51369
40740
4140
7703
74017
4533
79358
8616
30295
31544
1084
66201
89385
54222
69597
92421
11893
29300
26220
93638
33463
63968
12232
64780
84914
75980
5521
52187
80711
74780
97211
94587
23869
85755
95629
46613
97069
31968
7489
66804
5809
75773
8778
2402
93608
24292
87997
90784
23726
87736
75814
6685
9772
24021
45145
14653
16689
51509
37627
25826
36277
91097
58333
39066
84618
32281
71316
74638
8472
74633
85629
43261
4059
29238
51138
68412
42284
14972
15402
10732
62644
54870
97161
41686
50238
79368
805
23226
50695
63223
32442
55835
23001
89234
68023
71071
88126
84916
67424
46215
44603
91032
33831
21350
73471
7374
56637
5827
37531
76827
7418
61405
7910
63450
24526
53140
85774
11486
87799
16710
14614
15627
31766
57398
48450
96738
1749
56325
97818
57688
37764
2816
39489
400
69828
2672
84933
42291
83941
43066
848
98876
17741
87881
39050
90207
28701
24183
48747
16925
28868
20021
90692
85954
32187
6388
33543
21775
42836
68647
83761
9749
60527
2374
85950
72708
97272
82774
4925
37621
11270
76778
80421
66285
21432
75660
31982
65588
92913
53059
26810
44744
13136
38776
10652
32453
24863
99028
89036
26696
8036
53978
81193
73656
5623
49120
8683
17289
40024
81049
42404
49463
52016
98309
25938
46726
31398
22110
28510
3053
31340
41135
97156
58455
30454
18881
73666
40715
18519
53324
52128
60215
58446
45178
98999
7299
936
26731
78576
83739
98006
72108
50533
10774
37619
90747
25725
14232
93228
30836
83622
20861
77950
94681
6617
77411
27160
74229
79172
14515
19242
59743
94162
85230
89035
85562
97282
10424
40178
52545
39208
2458
17856
51232
5332
83946
85129
70192
44190
3205
31007
99203
26639
75282
85551
92499
78518
20633
11795
88915
77464
56040
80511
42113
11817
36808
76778
97785
6484
44712
68985
99238
9218
22651
4143
2585
40654
72596
56573
2350
32161
8028
15453
58480
92937
72721
23735
14308
41205
69074
94598
79948
58332
74004
74593
64745
22281
94897
82677
22516
19930
77585
96064
31066
14865
5670
13995
77074
95156
8337
81253
87657
9732
53420
48078
58485
60163
46128
40863
86713
82393
69349
15868
84325
79918
25130
93675
70139
49525
55173
53055
94679
91844
27776
86103
65208
89931
19769
83560
95103
24959
77616
46114
22760
43889
35817
13980
94412
15849
71164
44734
71068
98480
52702
1632
47123
33316
9849
34150
84041
48206
1038
57852
59443
28793
66900
73939
3625
46852
22592
52587
62889
6051
85540
88031
91631
83814
298
7645
55479
42753
24042
22820
77650
53980
15032
81957
16048
99404
41919
78919
3050
62374
63591
2845
5895
25232
45552
17719
66007
59085
29620
72349
70628
58345
80421
94091
8352
10063
54149
6921
60708
7347
90131
56537
75
10440
79576
74006
5954
51920
38439
30185
62308
16525
65177
98253
83199
56523
47024
17222
77629
88958
1846
31665
4452
76562
93807
2279
76404
14149
95567
67868
44289
87031
4259
75623
23899
29134
36066
59187
4873
56145
84475
16785
22779
24480
62051
9981
33433
78830
89295
28396
70745
83833
42778
32710
98436
85571
78502
99247
85634
41803
55095
49621
31579
84343
86084
51183
23578
66056
39125
56212
77812
21347
69284
7046
8633
77381
31998
75602
94184
31238
63365
27330
8067
98110
39648
5529
45108
24555
58449
2562
66699
85640
67631
52584
15631
4552
76438
74205
43495
20652
99689
93982
46553
77400
69773
38644
29114
85707
22456
74701
76486
67861
75425
89689
19462
5607
43743
73363
14417
27997
72254
22732
38301
19895
53085
50964
54893
95885
99293
15057
86218
92760
52032
59381
27618
38351
40669
13340
47423
44500
52627
39371
95358
39720
34889
23171
12439
79673
56232
95376
93333
10966
29141
84700
97682
7470
50679
33714
43531
78833
24685
65957
77169
35200
80972
21145
11484
26846
69019
87492
27028
78084
95283
83280
5486
69922
3899
95989
74529
10907
83469
10277
5915
91101
7273
83562
7382
24328
22655
84006
70950
4415
17312
16702
18386
87601
2493
63614
91656
90197
57865
82167
60814
217
85831
72772
60597
2434
84965
87996
81749
6560
47551
11281
987
59499
37894
43428
10263
37249
32497
74592
26246
60655
50832
38571
29637
57929
24040
70640
71824
90846
2116
27034
29056
49041
25923
19256
96133
85893
2501
75227
43497
47280
65644
72192
16421
28647
44506
54869
72725
74924
80825
29994
45673
81565
75782
31550
7237
2022
17877
76674
76298
21158
27294
12077
14764
71986
2312
66416
66589
76745
39679
45956
3467
47135
6669
3785
82770
40298
56449
20722
7560
44564
95852
58931
14831
36377
52213
52611
26897
40589
4993
51860
25827
84223
28723
9013
39601
8293
40399
36254
28951
59741
38611
99673
25900
77042
44268
1690
8865
14316
10663
19851
90246
58271
86909
72785
30890
72910
75648
98642
78627
31378
67752
6371
72086
29453
71916
54496
41748
35290
73183
93674
409
82015
393
94128
26219
17683
4985
28464
70403
12931
88049
82966
81710
27951
3621
33484
14644
21264
54124
16200
32806
43812
98314
17010
27307
94484
50416
17901
80138
84832
66631
7334
25198
52358
66172
88240
51928
96585
83713
30922
33882
63330
76080
11261
43612
13853
73572
52271
76538
79307
78014
39122
73531
25166
88966
67401
18637
89467
85757
34992
67772
24655
52820
75140
11888
68762
73646
90679
36267
54685
62860
18723
15457
41587
86892
45922
61204
93589
75489
23726
37337
95877
75316
61021
35354
45568
88488
46176
10109
40583
82474
14485
32571
8840
2890
51966
21473
8832
64744
98888
35626
6551
40775
82057
13083
50807
8825
10612
34737
10497
91749
72785
56789
21165
86164
57537
57761
75010
60521
19089
22678
56376
9134
37555
45774
58693
25143
83521
2634
23567
48230
93964
4766
15740
65220
60795
62017
31851
45921
46636
85572
52324
48502
27623
53337
64005
601
74490
78839
76660
91880
1099
84806
50233
91865
94516
39669
89997
89613
76776
63362
62250
37729
72852
77668
18146
46762
58111
56356
94169
58600
91241
34869
77411
76780
81127
46586
73635
40345
51508
77023
27991
61152
73520
30259
22060
66934
35267
42704
75873
27883
32298
29636
31492
90030
22982
48153
13258
81689
1884
15061
5288
55166
33145
66628
31661
63849
32005
36203
53084
1046
20951
8366
90439
7961
81934
55182
41064
33034
20865
18106
68164
54070
79952
79201
39793
73850
54486
2966
57385
25859
2893
89696
18807
83195
47884
22465
58087
48779
10245
63557
7310
60411
54751
68065
81421
8884
83569
31549
85299
5622
42314
52493
81059
7931
62623
29330
7683
48620
77787
63385
40505
11072
74940
36036
95167
3079
84360
54861
85068
64000
55585
60472
81895
18683
17215
69155
45137
96220
18730
39625
307
84344
95108
86049
17676
94953
91248
84629
10613
83059
25867
53123
54780
87257
60303
76208
63526
27078
93699
11566
97381
36142
59876
61559
24694
43944
78182
8642
35441
62325
71697
29294
69434
949
11573
94408
78304
6079
32823
2087
99392
61942
11789
30381
54645
96141
94935
90455
5338
4856
13043
35264
93698
20988
96829
65872
35189
16475
81609
66970
86573
80279
663
29164
14552
36225
41715
15362
77006
13745
481
93524
78341
73644
57132
58080
23003
50370
78253
726
62611
89880
9119
92364
51525
62770
26731
45234
42553
54093
41829
42319
26137
143
20226
52907
92849
52776
35339
56696
52791
75680
27355
39753
51018
13249
48067
21707
97948
18023
91319
69644
43151
80168
15449
66271
50105
45011
89193
4645
14452
54460
12474
72509
90208
6196
81662
14351
72911
2979
85923
93307
2251
26717
68425
67346
44052
19211
39936
4769
52658
86563
80578
992
63547
55629
12435
15501
16161
79801
175
85375
80177
2040
49135
12153
5054
12453
53836
39774
41369
89939
35775
49328
13547
95279
83326
29060
72968
14457
84160
75126
16172
43969
15476
34297
38221
31168
57354
55809
24235
60791
34349
53159
70127
31635
59170
8425
1772
64630
13669
63720
59508
83897
80209
5771
96842
78481
2687
74990
45109
3758
99465
7361
33531
46368
90297
5037
15483
98715
63548
7653
27584
75949
67921
33642
44009
82260
19730
33253
90625
323
5734
36964
28085
84586
69125
54618
3279
43445
45206
75296
5292
17885
46063
85389
67688
97738
51885
11253
58370
11261
48991
53144
28217
17960
50742
22586
21299
78428
21309
96275
12196
91342
84903
37890
74421
79114
93356
59443
90513
65390
31550
64772
44814
49912
9192
65120
59672
63913
1622
53710
51338
52250
17032
22596
36289
18023
24520
57571
10211
3868
5295
4734
36902
27562
65983
58138
77113
33764
31307
53269
52476
54109
53943
69212
68943
87346
26744
55188
34858
47113
70623
55086
56887
9804
83628
54466
97300
48205
84144
36536
61098
91064
33617
19976
89480
48281
90770
19823
17393
59284
62799
22292
49392
90063
39319
68267
4237
38920
29728
13404
29121
69091
97654
5179
67502
81344
13542
16280
56315
76988
40366
40164
679
51040
36515
94431
62687
42715
7363
78565
25051
68291
95447
5676
30474
50747
3194
60713
63229
36579
80601
66562
60172
7175
10414
90207
91163
23629
25675
90707
38383
13506
49151
86761
3832
16392
4553
5301
9570
66830
97749
11518
58846
36244
34308
51457
92709
53322
21082
22222
17623
78899
18139
2721
25481
19309
25325
76571
90109
49927
47203
73789
39230
10329
49152
8466
32448
30190
79991
4403
14282
61595
98324
68117
11878
61343
7524
62860
23198
34327
64404
72548
78542
41110
17450
87986
88189
99011
52321
49957
85881
29369
56234
37307
82849
57850
48314
69349
30087
13241
97177
79904
38695
78529
22903
59844
87771
99377
11844
82145
94099
64190
63222
83253
55198
65668
94776
2792
87790
34112
88589
76635
56856
86344
28023
96052
39864
21448
62154
27339
67688
67334
44995
16612
61563
55925
71869
27574
73362
70755
90894
43187
94712
97103
47032
39606
23176
83755
33070
43850
49140
67489
16437
50947
51627
55751
20499
49762
23846
988
55822
67008
45347
84877
61522
75161
80003
69245
23232
89203
45992
2089
10369
92136
54655
86054
12539
6876
36075
8553
26292
78668
32100
99680
19344
56596
27403
44428
63079
36155
21299
43619
96861
96487
65700
9667
92969
9671
25306
95495
29035
93607
12858
85183
34316
64356
96311
44261
61783
16688
15242
82233
22862
33704
68809
45833
63676
50282
4090
31298
65290
10746
74400
80593
85972
18852
28949
19068
67725
30476
78981
86648
59429
84897
29702
75236
66300
18015
67172
90091
51597
77841
28521
16829
165
74020
43897
59674
36472
18966
21915
51612
23089
98164
22890
13673
92544
90224
44308
94546
33275
2758
51592
94036
12027
45869
49500
26773
78660
46920
60000
81401
81380
39325
12400
18677
49319
76590
36962
32321
73548
97351
10184
92539
76872
54908
20028
59721
89379
57985
22753
75747
65209
29813
67414
56082
99398
50451
61241
69328
14256
32339
47652
44843
43986
46868
1105
41149
88705
10967
77688
61215
49464
41956
1869
79051
75719
24875
51960
61735
5145
57411
2258
86871
41074
63103
57065
73637
44889
53684
32953
10731
17402
69677
71646
24607
44892
87053
52867
99969
23851
8949
11726
91595
46370
94888
98389
73241
70614
87061
3421
30167
1921
50846
22426
35117
64769
36114
38087
18195
83677
8156
23523
1334
68870
22487
31326
6892
38501
29695
70127
77055
69211
46933
90710
12403
23676
93043
79481
53976
42489
58643
55304
78990
9778
20652
32782
20019
57818
23548
12143
63757
71101
35733
53595
69972
22650
56827
14033
91152
19027
59615
39965
4887
44979
18881
58678
85062
82434
14000
84577
97108
40185
62054
87063
95578
67150
93778
82839
60708
64015
36410
36135
61597
48016
79865
93069
10222
66636
35926
71810
84294
25471
24709
59853
79084
85374
43632
4125
81868
83288
54143
77651
99519
36940
11056
63381
36471
70092
91676
40104
82468
81743
91798
40409
12879
66258
75486
13491
53828
97011
12668
88045
76311
21056
87659
89610
11019
8894
18014
57987
45705
10780
36281
3803
1013
71389
77873
1004
20861
91247
55937
76634
99173
73913
35799
5355
79450
86234
17249
64827
38113
70981
859
6500
86703
51798
88425
46409
79958
98577
39124
82132
13178
26323
25228
52185
74787
74022
73595
46990
23973
61448
75009
80802
78511
93658
36112
34250
97899
99241
74163
12770
72201
60903
28831
60244
39464
43360
90561
94113
99767
41830
99386
14963
4233
41053
18430
40084
86011
84737
4524
67329
35988
52983
42132
61274
1257
71289
46308
73304
54691
45767
51038
47256
98567
2252
28666
18679
80849
61588
81827
19146
38468
42171
57697
26822
73689
31680
66247
24985
97574
45186
71262
40954
32861
26608
13415
48908
7815
9861
99021
71584
52823
20452
2420
54572
53495
8157
58481
91700
64060
74971
9552
14703
47881
85985
44785
24262
9338
82408
13114
73716
47040
22012
91227
65647
4519
22920
19324
19595
9938
96468
70912
44280
35326
43642
58091
92840
69214
24101
44957
71688
69591
30357
18303
51415
11802
96173
18525
11175
81415
73393
54657
92317
52352
7175
82349
90394
38049
22915
37187
1055
78900
27246
93687
97938
99566
89109
24978
37476
50175
27350
21882
3129
44607
1559
99727
37896
2302
74928
47554
10341
604
47263
96457
78730
70689
54325
70134
30479
77552
11087
51596
70714
55308
46357
24867
65216
21304
64528
68302
18733
88434
68287
77615
39960
16495
97283
7589
79237
405
31354
3877
27812
501
47128
31844
82208
76480
68819
41576
70298
478
72074
5539
67652
51373
11417
50810
72823
35316
18750
32260
92288
81880
24761
16117
98169
1029
40896
37834
83017
53171
68328
79882
43008
97311
36970
12809
22262
91338
41319
22135
73027
94070
23347
70120
60821
65865
6708
33664
76095
72603
78397
65970
49418
57881
63347
44124
57166
87320
53462
42406
7222
95862
12946
79981
13307
32229
56445
45894
73668
82743
37618
43191
87890
81938
27455
63615
46999
96363
17048
81406
53985
76859
58434
36083
5325
88700
34317
96789
21988
52680
42875
60545
28987
39099
76103
89006
9263
8028
76722
13417
35279
61893
76216
26332
15960
93554
78170
14911
3319
46116
81
10747
72352
10442
96938
96837
71461
73640
63629
92920
709
67477
93371
63921
33376
45939
24508
34321
76375
88929
50547
46944
53429
26616
40950
69499
32723
25397
92395
99245
89956
67905
37916
80067
44326
10030
47151
85015
14868
41902
82616
7277
76120
33148
71067
5395
43939
93996
99984
41899
25171
60529
25594
6467
48537
63709
62411
36388
80712
70339
58765
34227
20763
48007
91194
67847
86447
80577
15833
3824
45232
73030
96320
85091
2204
43569
33414
41159
45663
24679
61295
45239
5757
56668
45827
93270
91238
20580
50913
89906
45525
36225
87107
16732
43193
1644
69232
30215
60109
35836
81740
44948
26027
21762
86526
89393
78536
45940
21324
21412
87850
41810
46453
20918
34012
44565
54514
10990
87367
29556
25155
40970
38945
8014
91977
46404
7673
91693
66192
37889
14015
29885
68583
14851
54075
15500
2990
94950
26980
97814
46134
28555
73121
66792
74109
18447
76012
92153
23778
43302
85625
38767
20772
47462
9719
28780
80618
49223
22985
76070
26222
63732
11470
83674
57552
55846
88567
47428
40092
99534
53982
13720
8689
41144
90532
80701
32928
63467
91074
7990
44378
4330
14299
24021
4426
51450
65343
21097
65286
85354
80935
88477
82883
65306
2297
11718
49326
97073
88856
51474
9560
22621
66474
80547
9066
8279
12015
70138
4027
46411
27086
90776
21584
55194
44986
97513
29744
10029
10879
58275
92131
89497
32496
55116
10247
9886
63419
93478
94936
9957
54057
53300
99664
77544
25493
27392
34630
85819
94436
798
62768
84024
539
36078
76605
26353
81940
52487
18906
41993
25141
86261
84814
45245
47600
30165
17958
13350
6341
28870
77474
73653
4257
19874
82188
48269
11744
94526
57231
72068
4252
89602
89423
52417
30605
15825
18460
18429
23615
31410
89226
16638
1843
8365
33625
74232
98030
41723
19127
96992
67368
90416
49547
36398
1484
25949
109
7021
46789
6603
172
36530
78368
777
95099
66409
56167
98247
31026
25567
82057
68499
7188
90179
90508
44982
99497
41890
3346
41726
93347
58131
65158
91959
27637
93822
86644
68598
50559
76388
35682
24490
22170
73161
66695
13387
66562
83905
22084
93311
49958
78254
36294
20412
14029
72561
71982
38866
63602
23516
62649
28137
80264
99479
21173
8473
42757
74952
23526
77822
64267
87592
290
76888
39985
57435
54861
29593
99159
69698
48112
27957
77316
77881
83609
27489
26034
42578
2435
87210
61107
74817
81770
52038
1727
84091
44557
15151
71311
34886
72050
66472
94746
46927
70266
30212
66113
36234
53785
9325
11978
31438
80220
50705
16019
74061
7973
43467
78345
65853
21001
7735
38333
31165
78413
4839
62165
18371
28711
36598
32103
3720
59798
83081
88960
8995
76677
58245
30687
7084
91388
22481
90179
50302
13746
11266
61190
83158
48183
48361
4949
45029
16072
53266
40920
34994
34336
96347
16734
90412
30857
40007
94962
57298
90779
34713
49536
25768
7841
3433
29757
85018
62874
55224
96464
4381
77279
81535
91218
73830
84031
79521
18628
44190
62041
63744
6649
54003
82420
87139
33533
8197
52485
35398
95551
39445
49932
87793
77516
57235
66289
78760
54759
84830
31920
77042
48599
1255
63550
21320
16950
83009
42331
74607
47194
35525
24260
21517
52999
99858
87044
24483
12753
52217
92494
4058
63432
45584
110
49328
77298
11574
90664
70367
48886
29742
65104
72752
68990
8392
55961
23083
64766
23026
50026
60189
63437
3514
70488
4868
33932
36659
71581
21253
96086
26179
52805
11039
7337
81675
17597
10096
38001
67621
79413
44843
24581
99092
55615
82565
79097
2582
17656
27186
60519
79464
63151
52881
80939
63325
32043
1381
12089
65364
89131
67280
32595
12433
18340
8596
49541
12713
306
49187
53044
74656
85550
55228
25834
76049
88246
56828
60692
84325
9178
97431
88564
26048
93551
28495
22143
27536
96551
99705
39990
92220
53336
95786
39857
36021
58254
78378
66262
22635
19141
29401
41035
38702
47916
9366
44961
3528
43969
63694
17876
61311
44173
85768
68171
66638
50346
4217
47034
80508
62994
36751
20406
87903
47797
88979
95078
42766
80831
6893
65560
59720
7872
83151
64372
50258
97225
84796
87639
31073
35362
16473
36981
57790
14753
79174
45957
82869
12116
68955
10909
2409
94588
75610
31313
59107
65430
97494
94545
15919
85156
7801
36764
11681
55108
67733
45705
35445
24552
32635
27260
3419
44499
7502
47220
19835
44221
73132
47600
17603
23396
86340
24208
55152
77866
86917
12629
98337
42219
88821
19179
8404
80492
22061
38946
56082
34691
66691
93187
59478
81224
89310
17371
42661
55285
19286
1121
68313
46918
21932
76248
99338
98185
97957
76225
24394
28297
27525
33831
6122
68257
56875
85309
87493
15237
14576
48125
10686
21426
58505
25907
16952
16381
91655
18390
32430
95593
39172
9910
13847
89759
71558
33159
80258
4862
77196
88166
8727
51506
99129
3159
94205
7627
81324
64509
11880
56335
5731
44911
79186
62739
95598
52381
69469
74311
90020
86224
28979
31699
81249
31021
61234
26150
9956
59918
38513
92916
36461
68113
89000
55062
25155
63184
37487
40389
78066
23513
50826
96825
61105
55688
69843
93601
27412
24410
18201
31844
88743
19974
48228
58344
83149
47927
65073
42822
59687
60037
85897
26404
62525
31079
99437
73383
21380
15868
77001
49753
38838
36371
15013
37586
38648
46675
97345
79267
37866
84469
8641
97294
85046
44067
62422
48185
27815
91441
24205
68123
48851
22653
19997
57400
80557
16619
14833
37685
76792
87967
70027
51303
5223
84921
12993
65517
35354
12572
4365
89989
86239
27616
64238
78365
51492
17818
87092
3328
36500
80709
8605
39974
26323
89736
16929
76662
38441
38473
75308
30638
40067
14845
61899
2538
55249
58356
95109
95448
13581
76153
3943
46200
11908
97246
47770
18483
80374
28214
78075
58931
6496
86011
60277
42699
72382
86620
27370
69299
43387
96427
14609
16793
42147
1706
23682
97771
51166
9548
45575
90777
82175
57233
71941
16078
24386
60
92213
96741
99950
84430
2988
82168
54253
56801
74807
41805
54268
54950
93022
634
1736
91279
63492
4404
16174
7088
8765
51741
31795
38503
49046
10325
23954
8626
17166
87002
41139
77197
68058
32161
22202
71952
50358
70287
29235
76402
9913
68663
84816
2044
97095
69884
98141
66954
16717
48486
23229
66781
34331
855
82235
50463
1545
60050
93266
14883
74959
36113
83029
43356
69033
12277
89549
60541
65726
78893
59494
93989
12801
42984
22723
77347
17063
46175
1386
14444
37903
89005
84476
14820
13477
33765
65038
90841
67934
88613
55983
91993
51531
26182
79308
98155
45734
19516
32736
11051
55862
30019
10510
52524
57465
55526
83103
2792
95280
94534
13268
60379
98283
89603
38983
72542
82443
23209
92733
65444
32456
53309
47372
40316
29388
12157
2728
43196
90619
25116
81571
56110
74469
27503
54785
97191
94494
46905
38193
12252
4975
118
71223
74197
29175
26244
32710
14711
42067
94579
64636
71865
28292
68511
11641
20423
21253
94229
35594
28251
82294
54658
6219
40461
21524
9862
45073
87898
6842
56295
34239
60456
75263
26643
76397
30022
45379
64067
1098
71828
81490
14581
51749
8890
53397
16900
79152
76388
2837
28597
86679
86132
20276
37137
87111
55481
88014
24904
6489
3548
69150
70497
27490
69204
63869
75139
83315
69850
38917
8337
14627
70447
26420
84098
47217
28049
69351
44882
71913
20241
26251
66474
2638
28389
55114
21339
58735
51212
56235
91615
940
14786
53713
85892
16318
32386
47872
80989
97232
64583
84229
1848
21516
83780
18421
5581
58649
87692
75282
80391
9297
6208
15078
18949
32871
85680
95633
81014
5730
10303
58632
97003
94453
16597
7322
34120
3794
76173
51525
76035
64987
21530
92551
24893
17616
56071
67829
20574
1833
82662
85478
38745
67014
53205
58322
51673
77199
25233
90619
15205
53411
56230
86205
27377
27481
10097
25414
31564
84584
23167
29333
5035
18708
90051
29245
22225
45298
15163
54192
34378
51960
92043
53201
41505
18180
28806
38489
33469
35627
88918
62159
10047
67618
40365
85591
94849
7012
32509
67597
54967
49899
58764
3181
64711
82918
84496
26393
98464
11054
76701
73719
47787
72060
34233
60797
24851
1534
52997
88892
42705
90591
92231
20278
90732
61608
12559
58400
12885
32536
3375
13665
52111
92528
92640
96873
49383
33562
9380
74738
84050
52456
7180
127
20413
65178
94125
7262
91396
91416
47840
35184
60802
66737
77049
30940
12867
2733
41461
91908
4747
69250
3469
26169
4974
20720
71501
90496
2488
93509
40941
72628
18592
81908
32813
13870
40974
65452
63134
60688
63947
20635
81278
46111
13279
2133
22601
29762
15137
12146
62027
94473
16020
86798
12822
39474
7467
6024
40638
76377
67817
73801
75582
13709
13158
34803
84052
32652
49875
47064
39307
45461
21693
68499
15703
30850
2940
22201
33333
74779
47302
83018
23058
55989
56071
51356
94483
97029
72604
26599
5760
63081
27543
89249
30971
90735
99335
67278
49193
71236
71045
44095
54828
9099
72544
54933
36724
16542
19863
45622
752
60750
13680
82288
52875
96323
79038
63372
95789
73875
73975
58527
98105
87501
36323
99568
37543
74543
21499
68462
65103
76519
30343
37602
43855
66537
83264
2788
86329
25209
58986
35778
37377
70101
11848
23730
71818
19905
23550
75476
953
97983
63914
32555
58286
66339
27398
93668
97220
6046
58737
88721
20985
95799
52441
58092
20957
16230
30179
52226
59038
97313
4075
48671
86888
61839
84646
43514
92664
87718
80403
20833
82251
17823
99973
14655
92536
1277
34614
90894
90526
24105
74035
69516
8155
79000
58845
39131
10305
50126
11225
3478
51224
10251
88394
50903
19062
53014
97850
29886
49130
19050
7047
57250
63968
39214
43838
30891
55257
37337
92736
96930
60064
53755
65290
2408
47575
3436
98087
46443
12111
73180
3599
24290
79687
72319
567
72285
61509
81622
85935
90386
13138
38327
98784
81752
44947
15224
9778
46534
72217
80064
506
58466
35979
27385
75826
92062
61308
29592
13431
28304
69514
65917
40882
23069
59754
36913
30034
72352
17594
74243
12584
24101
5172
61275
6611
31713
85065
20979
59405
8053
9491
95185
98491
58500
75481
39057
72636
49377
21320
42775
13861
97065
84797
91593
43660
98232
71738
41349
58023
20014
35071
9417
33199
33344
17989
36588
61173
67592
1795
32093
33309
53364
88008
47944
65286
33312
12011
38583
19675
33627
3756
8245
65379
40469
55474
24449
31090
66853
42443
22964
97919
26322
20511
82547
684
77847
78364
69911
56549
86773
15667
6917
21806
59333
91263
67194
98183
34670
91096
30550
31926
26029
55198
47025
56227
42383
80183
79584
56759
33481
84124
57745
43445
8431
89990
74623
17899
35562
41885
45452
30105
45844
50303
560
99024
17408
35847
59056
54327
8614
38375
14562
306
99313
41323
44898
95339
83722
68397
34425
14319
81373
34230
11526
86829
4453
56108
2103
66851
60884
19432
90907
56516
16958
12342
82663
86384
56454
68369
36554
36997
10424
10524
39730
97882
65314
40149
3031
30352
14189
53215
81245
19036
81412
82024
53897
48205
39213
73565
95322
81896
19123
94891
78359
82275
23851
4958
67
37982
48618
95374
96714
21456
88609
35249
35184
66986
8499
74869
47321
79230
73108
95224
52928
20291
39771
62989
21027
36546
66236
66689
70983
12300
27015
71669
98956
34456
52962
58015
72189
78039
65483
70302
86520
86661
17420
86087
80002
84549
1337
61681
89440
80282
59228
28564
64419
46729
73269
65119
12806
54079
23837
40786
26693
63063
67584
48566
29559
66414
90907
10753
4590
77511
91788
91700
97247
44242
3995
81756
32286
75975
61057
32623
85459
77048
84558
89364
15508
14516
13644
23093
38938
359
15755
54503
39474
84278
62830
91140
44419
7035
2330
75999
485
7709
71628
60749
89532
22914
83360
10438
87351
40219
91860
44737
59955
2115
18859
28655
71019
21349
83974
8696
53934
38282
7949
21371
94116
21761
34922
48699
84961
96063
69384
34223
95828
53816
51807
51398
73285
69286
36018
79646
56465
37861
17434
6923
12705
96040
55344
10361
51489
36027
36980
62617
66302
22177
21375
92041
70022
20552
84438
79141
36327
63060
63294
41194
5257
10255